twPalette <- c(
  "#1D9BF0",
  "#ED0277",
  "#FCD61A",
  "#23C59E",
  "#7366D8",
  "#FA4233",
  "#97E3FF",
  "#FFF094",
  "#FF7D63",
  "#AAB9FF",
  "#F2912E",
  "#295C47",
  "#965A28",
  "#61263B",
  "#024E9A",
  "#CFD9DE"
  )

